"NLAid"	"squareEighth"	"squareQuarter"	"squareHalf"	"squareOne"	"HUC8"
"NLA06608-0001"	0	0	3	12	0
"NLA06608-0002"	4	5	7	32	0
"NLA06608-0003"	0	0	3	12	1
"NLA06608-0004"	1	4	23	144	4
"NLA06608-0005"	0	0	1	5	2
"NLA06608-0006"	3	53	151	350	0
"NLA06608-0007"	0	1	19	133	0
"NLA06608-0008"	0	2	21	62	0
"NLA06608-0010"	2	10	19	31	0
"NLA06608-0012"	0	1	8	41	1
"NLA06608-0013"	30	97	366	785	0
"NLA06608-0014"	1	1	7	43	0
"NLA06608-0015"	1	2	2	20	1
"NLA06608-0016"	4	6	10	22	5
"NLA06608-0019"	0	0	0	13	1
"NLA06608-0020"	0	0	40	171	0
"NLA06608-0021"	0	0	40	83	0
"NLA06608-0023"	0	3	7	46	1
"NLA06608-0024"	0	1	3	24	1
"NLA06608-0025"	1	7	43	85	0
"NLA06608-0029"	3	7	67	322	0
"NLA06608-0031"	0	0	4	14	0
"NLA06608-0033"	1	2	8	75	16
"NLA06608-0036"	0	3	17	67	0
"NLA06608-0037"	25	39	140	406	0
"NLA06608-0038"	0	1	7	62	0
"NLA06608-0041"	4	11	32	85	0
"NLA06608-0042"	1	2	32	84	15
"NLA06608-0043"	0	0	4	94	0
"NLA06608-0044"	0	0	0	7	14
"NLA06608-0045"	0	0	20	131	0
"NLA06608-0048"	0	4	17	56	0
"NLA06608-0049"	0	0	1	5	1
"NLA06608-0050"	0	0	35	119	0
"NLA06608-0053"	0	0	1	52	0
"NLA06608-0057"	0	6	41	99	0
"NLA06608-0061"	0	0	1	5	1
"NLA06608-0062"	0	0	3	36	3
"NLA06608-0064"	1	1	3	11	5
"NLA06608-0065"	1	1	1	15	6
"NLA06608-0066"	6	19	42	127	0
"NLA06608-0068"	5	19	75	247	37
"NLA06608-0069"	4	12	36	57	0
"NLA06608-0071"	1	2	15	44	0
"NLA06608-0072"	1	6	9	22	5
"NLA06608-0073"	7	22	52	128	35
"NLA06608-0076"	1	3	142	215	6
"NLA06608-0077"	42	143	363	832	0
"NLA06608-0078"	0	1	8	35	0
"NLA06608-0079"	1	11	115	353	26
"NLA06608-0080"	1	8	22	91	0
"NLA06608-0081"	0	2	5	44	1
"NLA06608-0083"	0	0	0	15	2
"NLA06608-0085"	2	10	30	70	59
"NLA06608-0086"	2	32	117	246	14
"NLA06608-0089"	2	10	25	109	0
"NLA06608-0090"	4	6	22	66	6
"NLA06608-0091"	1	26	64	215	0
"NLA06608-0099"	4	13	82	242	0
"NLA06608-0101"	0	14	77	359	0
"NLA06608-0102"	0	2	12	29	0
"NLA06608-0104"	2	17	34	66	0
"NLA06608-0105"	1	1	1	24	2
"NLA06608-0107"	0	3	35	77	0
"NLA06608-0110"	4	10	19	48	0
"NLA06608-0111"	0	0	15	35	0
"NLA06608-0112"	4	6	17	88	0
"NLA06608-0113"	0	1	4	61	0
"NLA06608-0115"	0	9	49	193	0
"NLA06608-0116"	4	6	13	34	5
"NLA06608-0120"	0	0	4	36	1
"NLA06608-0124"	0	0	0	7	0
"NLA06608-0126"	0	0	5	30	1
"NLA06608-0127"	0	1	1	18	1
"NLA06608-0128"	0	1	4	21	0
"NLA06608-0129"	0	1	6	17	4
"NLA06608-0130"	2	5	5	16	5
"NLA06608-0132"	0	0	1	26	0
"NLA06608-0134"	23	49	149	346	0
"NLA06608-0137"	1	6	74	202	3
"NLA06608-0139"	0	0	7	53	0
"NLA06608-0140"	2	14	41	260	17
"NLA06608-0141"	2	25	147	733	0
"NLA06608-0142"	14	27	43	90	0
"NLA06608-0144"	0	1	5	17	2
"NLA06608-0148"	14	17	50	235	0
"NLA06608-0149"	7	22	49	186	0
"NLA06608-0150"	0	0	2	12	0
"NLA06608-0152"	0	0	0	39	1
"NLA06608-0153"	0	6	10	39	0
"NLA06608-0155"	4	23	88	269	0
"NLA06608-0158"	0	5	22	82	0
"NLA06608-0161"	14	25	49	86	0
"NLA06608-0162"	4	6	29	230	0
"NLA06608-0167"	2	7	40	191	0
"NLA06608-0168"	0	1	11	85	5
"NLA06608-0169"	0	0	7	38	1
"NLA06608-0170"	0	1	3	42	0
"NLA06608-0173"	6	21	30	39	38
"NLA06608-0174"	0	1	9	67	0
"NLA06608-0175"	2	9	69	139	0
"NLA06608-0176"	0	5	9	40	0
"NLA06608-0177"	0	0	4	70	0
"NLA06608-0179"	0	0	3	12	0
"NLA06608-0180"	0	1	3	18	1
"NLA06608-0181"	15	29	58	149	2
"NLA06608-0183"	1	7	47	187	0
"NLA06608-0184"	51	131	179	249	84
"NLA06608-0185"	2	9	73	660	0
"NLA06608-0189"	0	4	10	28	0
"NLA06608-0190"	0	0	6	24	0
"NLA06608-0191"	0	0	16	107	0
"NLA06608-0193"	2	2	6	17	5
"NLA06608-0195"	0	0	7	40	1
"NLA06608-0196"	0	3	14	150	0
"NLA06608-0198"	2	2	8	20	0
"NLA06608-0201"	1	7	136	290	8
"NLA06608-0203"	0	1	49	185	0
"NLA06608-0204"	0	0	3	15	4
"NLA06608-0207"	2	6	17	66	0
"NLA06608-0208"	0	1	13	39	0
"NLA06608-0209"	3	10	39	64	8
"NLA06608-0211"	0	2	6	41	0
"NLA06608-0212"	1	8	78	291	0
"NLA06608-0215"	0	2	14	77	0
"NLA06608-0216"	0	3	37	130	8
"NLA06608-0217"	2	13	47	132	0
"NLA06608-0219"	0	0	4	88	0
"NLA06608-0220"	0	0	7	22	14
"NLA06608-0221"	2	11	39	125	0
"NLA06608-0222"	0	2	2	16	7
"NLA06608-0223"	11	83	182	244	0
"NLA06608-0224"	0	13	29	100	0
"NLA06608-0225"	0	1	2	18	4
"NLA06608-0226"	2	5	14	113	0
"NLA06608-0228"	3	4	14	42	1
"NLA06608-0229"	0	0	0	14	0
"NLA06608-0234"	0	0	3	38	0
"NLA06608-0235"	0	0	1	64	0
"NLA06608-0237"	0	0	1	14	1
"NLA06608-0238"	0	1	8	52	0
"NLA06608-0239"	1	14	37	99	0
"NLA06608-0240"	2	2	4	16	4
"NLA06608-0241"	4	9	21	57	15
"NLA06608-0242"	4	19	78	252	0
"NLA06608-0243"	0	0	5	13	4
"NLA06608-0244"	1	3	3	21	4
"NLA06608-0245"	0	1	13	154	2
"NLA06608-0247"	0	6	11	22	12
"NLA06608-0253"	0	0	2	49	0
"NLA06608-0254"	1	9	22	35	0
"NLA06608-0255"	0	0	4	59	0
"NLA06608-0257"	0	2	5	39	6
"NLA06608-0259"	0	0	0	30	0
"NLA06608-0260"	3	5	5	35	6
"NLA06608-0268"	1	2	6	40	6
"NLA06608-0271"	0	0	7	103	0
"NLA06608-0275"	0	0	0	13	2
"NLA06608-0276"	0	15	62	195	45
"NLA06608-0277"	1	1	1	14	3
"NLA06608-0279"	3	17	45	160	0
"NLA06608-0280"	0	3	6	36	4
"NLA06608-0281"	0	7	46	103	0
"NLA06608-0283"	1	2	9	53	0
"NLA06608-0284"	0	0	6	14	4
"NLA06608-0285"	3	36	81	202	0
"NLA06608-0286"	0	9	19	114	0
"NLA06608-0290"	0	0	0	12	0
"NLA06608-0291"	8	17	54	304	0
"NLA06608-0293"	17	49	123	462	0
"NLA06608-0294"	0	1	3	27	0
"NLA06608-0295"	0	0	2	42	0
"NLA06608-0297"	1	1	15	56	0
"NLA06608-0299"	0	3	9	85	0
"NLA06608-0302"	0	2	15	49	0
"NLA06608-0303"	0	0	1	11	0
"NLA06608-0306"	0	0	1	2	0
"NLA06608-0312"	1	17	46	227	96
"NLA06608-0313"	0	3	13	56	0
"NLA06608-0318"	2	2	2	30	0
"NLA06608-0319"	0	1	6	74	0
"NLA06608-0324"	0	5	58	218	0
"NLA06608-0325"	5	20	36	84	0
"NLA06608-0326"	3	25	60	238	0
"NLA06608-0327"	0	4	14	44	0
"NLA06608-0328"	0	2	5	19	2
"NLA06608-0330"	2	2	2	4	0
"NLA06608-0332"	1	5	29	111	28
"NLA06608-0333"	31	118	380	998	0
"NLA06608-0334"	2	4	16	34	0
"NLA06608-0337"	0	0	8	53	12
"NLA06608-0339"	0	0	0	9	2
"NLA06608-0340"	0	1	7	30	5
"NLA06608-0341"	0	4	38	88	0
"NLA06608-0343"	0	9	20	38	0
"NLA06608-0344"	4	34	66	113	59
"NLA06608-0345"	0	1	14	68	0
"NLA06608-0350"	2	8	15	77	0
"NLA06608-0354"	3	14	61	239	0
"NLA06608-0356"	0	1	3	18	1
"NLA06608-0357"	0	10	63	289	0
"NLA06608-0358"	0	0	4	28	0
"NLA06608-0359"	0	2	7	46	0
"NLA06608-0361"	2	12	47	93	0
"NLA06608-0363"	0	3	12	88	0
"NLA06608-0366"	1	6	15	40	0
"NLA06608-0367"	0	0	8	33	0
"NLA06608-0369"	0	0	7	66	0
"NLA06608-0372"	10	35	63	121	45
"NLA06608-0373"	5	26	63	90	11
"NLA06608-0376"	0	2	3	32	0
"NLA06608-0377"	7	26	130	484	0
"NLA06608-0378"	0	1	1	14	4
"NLA06608-0384"	0	0	4	13	7
"NLA06608-0385"	0	0	0	11	1
"NLA06608-0386"	1	11	30	126	0
"NLA06608-0388"	1	3	14	137	0
"NLA06608-0393"	0	1	16	172	0
"NLA06608-0395"	1	8	49	109	0
"NLA06608-0399"	0	1	6	61	0
"NLA06608-0401"	0	0	5	6	0
"NLA06608-0402"	0	0	3	56	0
"NLA06608-0403"	0	2	4	23	0
"NLA06608-0405"	1	7	23	144	0
"NLA06608-0406"	2	5	27	109	2
"NLA06608-0407"	0	0	0	31	0
"NLA06608-0408"	0	0	5	27	1
"NLA06608-0413"	3	7	22	156	0
"NLA06608-0414"	3	11	26	82	0
"NLA06608-0418"	4	5	30	211	0
"NLA06608-0421"	0	2	28	95	0
"NLA06608-0425"	0	0	6	38	0
"NLA06608-0426"	0	0	2	34	0
"NLA06608-0432"	0	0	5	25	0
"NLA06608-0433"	0	0	1	13	0
"NLA06608-0435"	0	4	12	80	0
"NLA06608-0436"	1	3	17	40	0
"NLA06608-0439"	0	0	0	12	0
"NLA06608-0440"	0	0	2	37	1
"NLA06608-0442"	0	0	7	39	7
"NLA06608-0444"	0	0	4	44	0
"NLA06608-0445"	1	1	7	25	0
"NLA06608-0447"	1	8	43	151	0
"NLA06608-0449"	0	0	12	26	0
"NLA06608-0452"	26	72	105	301	32
"NLA06608-0453"	0	10	43	116	0
"NLA06608-0454"	3	12	74	163	0
"NLA06608-0456"	0	5	23	75	7
"NLA06608-0458"	2	5	30	87	0
"NLA06608-0459"	1	1	37	180	0
"NLA06608-0462"	0	5	42	96	0
"NLA06608-0463"	0	3	17	35	0
"NLA06608-0467"	4	11	81	206	0
"NLA06608-0468"	0	39	112	399	14
"NLA06608-0469"	5	11	44	318	0
"NLA06608-0470"	0	0	7	76	0
"NLA06608-0471"	0	1	5	52	0
"NLA06608-0472"	3	4	13	47	5
"NLA06608-0473"	0	5	19	91	0
"NLA06608-0479"	21	22	25	42	0
"NLA06608-0480"	4	12	25	119	0
"NLA06608-0483"	1	2	4	6	1
"NLA06608-0484"	0	0	3	41	0
"NLA06608-0488"	0	0	0	12	1
"NLA06608-0489"	0	0	11	259	0
"NLA06608-0491"	0	0	1	76	0
"NLA06608-0493"	2	18	96	259	0
"NLA06608-0494"	0	0	2	35	0
"NLA06608-0495"	10	23	96	267	92
"NLA06608-0496"	0	1	4	21	1
"NLA06608-0497"	7	9	20	58	15
"NLA06608-0498"	25	34	97	285	0
"NLA06608-0500"	0	1	2	43	2
"NLA06608-0501"	2	4	10	70	4
"NLA06608-0502"	2	3	11	43	0
"NLA06608-0503"	1	1	11	23	2
"NLA06608-0508"	0	2	25	122	0
"NLA06608-0509"	0	2	23	66	0
"NLA06608-0510"	2	6	16	35	0
"NLA06608-0511"	1	28	117	274	92
"NLA06608-0512"	0	0	5	18	0
"NLA06608-0514"	3	13	48	130	0
"NLA06608-0515"	0	0	0	22	0
"NLA06608-0523"	0	1	11	35	12
"NLA06608-0526"	0	1	1	3	0
"NLA06608-0528"	0	4	14	52	28
"NLA06608-0529"	2	5	31	109	25
"NLA06608-0530"	0	0	2	18	0
"NLA06608-0531"	0	0	0	11	2
"NLA06608-0533"	0	1	4	63	0
"NLA06608-0537"	0	0	20	111	0
"NLA06608-0540"	0	1	3	16	1
"NLA06608-0541"	50	78	162	299	0
"NLA06608-0542"	2	5	13	105	0
"NLA06608-0546"	10	39	107	199	0
"NLA06608-0547"	3	9	36	168	0
"NLA06608-0550"	2	14	58	83	0
"NLA06608-0551"	0	4	30	160	0
"NLA06608-0555"	0	3	35	67	0
"NLA06608-0558"	0	3	18	75	0
"NLA06608-0560"	0	1	1	2	1
"NLA06608-0561"	3	3	3	7	3
"NLA06608-0562"	1	8	71	211	0
"NLA06608-0564"	0	2	9	32	5
"NLA06608-0565"	8	11	27	67	14
"NLA06608-0569"	7	7	10	28	10
"NLA06608-0570"	0	0	8	27	9
"NLA06608-0579"	0	0	1	23	3
"NLA06608-0580"	4	19	79	252	0
"NLA06608-0581"	0	1	3	43	1
"NLA06608-0582"	21	49	140	324	0
"NLA06608-0583"	0	3	9	75	0
"NLA06608-0585"	20	34	43	103	35
"NLA06608-0587"	0	0	32	100	0
"NLA06608-0588"	0	1	2	67	1
"NLA06608-0590"	1	13	33	96	0
"NLA06608-0591"	1	20	153	265	0
"NLA06608-0593"	0	7	13	19	0
"NLA06608-0594"	0	1	1	27	0
"NLA06608-0595"	0	0	4	11	2
"NLA06608-0596"	2	12	63	361	17
"NLA06608-0597"	6	36	63	70	59
"NLA06608-0599"	0	0	0	21	0
"NLA06608-0606"	5	6	9	80	0
"NLA06608-0608"	0	6	14	41	0
"NLA06608-0609"	10	18	59	118	0
"NLA06608-0610"	5	15	68	157	0
"NLA06608-0611"	9	40	72	195	0
"NLA06608-0614"	0	20	84	145	53
"NLA06608-0616"	0	0	2	2	1
"NLA06608-0617"	0	0	2	23	0
"NLA06608-0618"	0	1	2	27	0
"NLA06608-0619"	0	3	20	89	0
"NLA06608-0622"	4	4	10	45	0
"NLA06608-0623"	0	2	6	33	0
"NLA06608-0624"	0	4	34	84	0
"NLA06608-0625"	0	0	0	2	0
"NLA06608-0627"	1	11	100	212	0
"NLA06608-0628"	0	0	0	16	0
"NLA06608-0630"	0	2	12	52	0
"NLA06608-0632"	1	4	24	213	7
"NLA06608-0634"	0	2	15	53	0
"NLA06608-0635"	8	29	93	295	29
"NLA06608-0637"	0	0	37	170	0
"NLA06608-0641"	0	0	2	22	0
"NLA06608-0648"	0	0	9	40	4
"NLA06608-0649"	0	0	71	305	0
"NLA06608-0650"	0	0	1	42	0
"NLA06608-0651"	11	39	68	145	0
"NLA06608-0654"	5	8	49	108	0
"NLA06608-0657"	0	0	0	2	0
"NLA06608-0658"	0	2	8	88	1
"NLA06608-0659"	0	0	4	54	0
"NLA06608-0660"	4	10	46	176	0
"NLA06608-0661"	0	1	19	326	0
"NLA06608-0662"	0	0	2	23	0
"NLA06608-0663"	0	0	5	30	0
"NLA06608-0665"	0	7	21	80	0
"NLA06608-0671"	0	0	10	103	1
"NLA06608-0672"	6	9	24	93	0
"NLA06608-0674"	2	6	40	237	0
"NLA06608-0677"	0	0	1	3	0
"NLA06608-0678"	0	0	8	49	1
"NLA06608-0679"	10	57	103	214	0
"NLA06608-0681"	0	6	11	46	0
"NLA06608-0686"	0	0	6	50	0
"NLA06608-0687"	11	33	86	365	26
"NLA06608-0690"	11	36	113	218	0
"NLA06608-0692"	6	7	23	78	28
"NLA06608-0693"	1	2	21	166	2
"NLA06608-0696"	0	0	8	39	1
"NLA06608-0707"	0	0	1	23	3
"NLA06608-0709"	0	3	22	93	0
"NLA06608-0710"	3	3	12	90	0
"NLA06608-0711"	0	10	40	157	0
"NLA06608-0712"	0	2	11	60	8
"NLA06608-0713"	8	28	113	267	36
"NLA06608-0715"	3	28	114	346	20
"NLA06608-0717"	7	15	128	652	0
"NLA06608-0718"	0	0	11	25	4
"NLA06608-0720"	2	4	12	35	11
"NLA06608-0721"	0	10	32	125	21
"NLA06608-0723"	0	0	1	10	2
"NLA06608-0724"	10	22	60	236	0
"NLA06608-0726"	0	0	3	44	0
"NLA06608-0727"	1	2	5	58	0
"NLA06608-0731"	0	0	2	78	0
"NLA06608-0733"	0	0	0	6	1
"NLA06608-0734"	0	1	35	41	0
"NLA06608-0738"	0	0	18	159	0
"NLA06608-0743"	2	9	54	185	0
"NLA06608-0744"	0	0	0	16	0
"NLA06608-0749"	0	4	32	265	0
"NLA06608-0751"	2	13	17	136	0
"NLA06608-0753"	0	0	1	25	0
"NLA06608-0754"	1	58	107	251	0
"NLA06608-0755"	0	0	1	10	2
"NLA06608-0756"	0	0	1	35	1
"NLA06608-0759"	0	2	18	69	0
"NLA06608-0761"	25	111	362	887	0
"NLA06608-0762"	0	2	17	53	20
"NLA06608-0764"	2	3	3	17	3
"NLA06608-0765"	1	16	41	98	0
"NLA06608-0766"	0	4	11	44	21
"NLA06608-0769"	2	9	42	104	6
"NLA06608-0770"	7	16	32	47	18
"NLA06608-0771"	0	3	11	71	0
"NLA06608-0775"	0	0	2	6	1
"NLA06608-0779"	0	0	2	32	3
"NLA06608-0781"	27	125	336	834	0
"NLA06608-0782"	0	0	0	8	0
"NLA06608-0783"	0	10	40	103	0
"NLA06608-0785"	7	19	39	128	25
"NLA06608-0792"	2	8	40	75	12
"NLA06608-0793"	0	1	16	117	0
"NLA06608-0794"	5	7	18	78	6
"NLA06608-0797"	0	0	9	19	7
"NLA06608-0802"	2	5	38	216	0
"NLA06608-0804"	1	2	4	50	0
"NLA06608-0805"	1	34	103	410	0
"NLA06608-0806"	0	1	54	69	0
"NLA06608-0807"	0	0	4	42	0
"NLA06608-0808"	0	2	13	107	3
"NLA06608-0809"	1	1	10	24	1
"NLA06608-0811"	2	10	35	59	0
"NLA06608-0812"	0	0	4	23	0
"NLA06608-0815"	0	3	20	109	0
"NLA06608-0820"	0	1	3	43	0
"NLA06608-0823"	1	4	44	183	0
"NLA06608-0824"	0	0	3	13	0
"NLA06608-0825"	1	1	5	16	3
"NLA06608-0827"	9	49	135	314	20
"NLA06608-0828"	2	27	41	103	0
"NLA06608-0830"	0	0	3	31	1
"NLA06608-0831"	0	3	9	54	0
"NLA06608-0833"	0	0	4	13	0
"NLA06608-0834"	1	4	12	55	18
"NLA06608-0836"	1	1	2	7	1
"NLA06608-0837"	0	0	0	41	0
"NLA06608-0842"	0	0	6	24	9
"NLA06608-0843"	2	7	80	156	0
"NLA06608-0846"	2	11	38	103	0
"NLA06608-0847"	0	2	29	114	0
"NLA06608-0849"	0	0	2	6	2
"NLA06608-0850"	8	27	63	144	14
"NLA06608-0851"	0	0	2	8	2
"NLA06608-0856"	0	1	7	33	1
"NLA06608-0857"	14	21	25	105	0
"NLA06608-0859"	0	9	74	224	0
"NLA06608-0860"	1	13	26	84	0
"NLA06608-0862"	0	2	18	65	0
"NLA06608-0863"	0	0	2	36	0
"NLA06608-0864"	0	1	3	15	4
"NLA06608-0865"	0	2	39	135	0
"NLA06608-0868"	0	1	12	85	0
"NLA06608-0869"	6	22	178	575	0
"NLA06608-0870"	2	5	13	132	16
"NLA06608-0871"	0	0	8	56	0
"NLA06608-0872"	0	0	14	61	0
"NLA06608-0873"	0	0	3	24	1
"NLA06608-0874"	0	2	5	14	0
"NLA06608-0875"	0	1	24	57	0
"NLA06608-0877"	0	1	1	39	3
"NLA06608-0878"	1	3	15	48	0
"NLA06608-0880"	0	1	1	2	1
"NLA06608-0881"	0	0	0	4	0
"NLA06608-0885"	0	9	56	104	54
"NLA06608-0889"	0	0	0	2	0
"NLA06608-0890"	0	3	3	6	0
"NLA06608-0891"	0	1	1	60	3
"NLA06608-0893"	0	0	4	36	0
"NLA06608-0895"	0	0	1	20	1
"NLA06608-0899"	0	0	0	17	3
"NLA06608-0900"	0	2	19	65	0
"NLA06608-0904"	1	3	8	22	2
"NLA06608-0905"	33	72	151	227	78
"NLA06608-0906"	15	20	31	65	15
"NLA06608-0913"	0	0	0	1	0
"NLA06608-0914"	2	7	8	14	0
"NLA06608-0915"	0	0	7	79	0
"NLA06608-0916"	0	5	61	223	45
"NLA06608-0918"	0	0	1	3	0
"NLA06608-0921"	5	13	59	165	0
"NLA06608-0922"	17	25	33	87	15
"NLA06608-0924"	0	0	6	22	14
"NLA06608-0925"	0	0	8	23	7
"NLA06608-0926"	0	4	21	61	0
"NLA06608-0927"	1	6	18	97	4
"NLA06608-0929"	0	1	12	44	5
"NLA06608-0930"	0	0	7	105	0
"NLA06608-0933"	0	0	0	2	0
"NLA06608-0934"	0	0	20	96	4
"NLA06608-0935"	10	28	83	208	0
"NLA06608-0938"	0	1	4	32	0
"NLA06608-0940"	0	4	10	17	14
"NLA06608-0942"	0	0	3	30	0
"NLA06608-0943"	1	2	26	157	0
"NLA06608-0944"	0	2	6	22	4
"NLA06608-0946"	2	23	114	299	0
"NLA06608-0950"	0	1	3	8	4
"NLA06608-0955"	0	0	4	86	2
"NLA06608-0957"	0	0	0	28	0
"NLA06608-0958"	0	0	6	30	0
"NLA06608-0961"	1	10	24	105	6
"NLA06608-0962"	0	4	23	127	4
"NLA06608-0967"	0	9	15	26	6
"NLA06608-0968"	0	1	4	25	0
"NLA06608-0970"	5	10	19	79	6
"NLA06608-0971"	5	19	40	145	0
"NLA06608-0972"	1	1	7	27	4
"NLA06608-0974"	0	5	38	69	0
"NLA06608-0979"	11	24	76	139	27
"NLA06608-0980"	0	5	27	62	0
"NLA06608-0982"	2	5	27	68	0
"NLA06608-0984"	0	1	2	38	2
"NLA06608-0986"	0	0	2	38	0
"NLA06608-0987"	0	0	4	83	0
"NLA06608-0989"	1	3	47	121	0
"NLA06608-0990"	2	5	11	70	0
"NLA06608-0993"	0	0	0	8	0
"NLA06608-0994"	0	1	17	165	0
"NLA06608-0996"	1	2	3	19	1
"NLA06608-0997"	0	0	1	72	0
"NLA06608-1001"	1	1	21	66	0
"NLA06608-1002"	0	0	5	19	1
"NLA06608-1003"	2	14	45	86	0
"NLA06608-1005"	0	0	21	237	0
"NLA06608-1006"	0	0	3	31	3
"NLA06608-1007"	0	0	6	102	0
"NLA06608-1008"	0	0	2	8	0
"NLA06608-1010"	5	26	142	374	0
"NLA06608-1012"	1	1	9	51	6
"NLA06608-1014"	0	3	10	55	0
"NLA06608-1015"	0	1	3	52	0
"NLA06608-1016"	0	0	8	44	6
"NLA06608-1018"	0	0	1	8	0
"NLA06608-1022"	1	3	10	32	1
"NLA06608-1024"	0	0	1	17	0
"NLA06608-1034"	3	8	19	32	0
"NLA06608-1035"	0	0	10	60	0
"NLA06608-1036"	9	14	83	271	96
"NLA06608-1037"	26	64	223	845	0
"NLA06608-1038"	0	1	2	8	0
"NLA06608-1039"	3	6	96	244	0
"NLA06608-1041"	0	0	3	65	1
"NLA06608-1044"	1	2	24	73	0
"NLA06608-1045"	0	0	9	126	0
"NLA06608-1047"	0	2	5	19	4
"NLA06608-1052"	0	0	9	37	0
"NLA06608-1055"	0	0	4	17	0
"NLA06608-1056"	0	2	14	192	0
"NLA06608-1057"	0	2	6	87	16
"NLA06608-1058"	0	2	15	99	9
"NLA06608-1059"	3	8	106	296	0
"NLA06608-1060"	3	7	25	70	0
"NLA06608-1070"	1	1	8	67	0
"NLA06608-1073"	0	0	1	4	1
"NLA06608-1075"	0	6	25	142	0
"NLA06608-1083"	0	5	104	180	68
"NLA06608-1086"	0	0	3	32	10
"NLA06608-1087"	0	4	20	49	0
"NLA06608-1089"	0	2	5	18	4
"NLA06608-1091"	0	0	0	18	3
"NLA06608-1096"	1	5	16	22	6
"NLA06608-1100"	51	137	186	257	96
"NLA06608-1101"	21	89	314	739	0
"NLA06608-1102"	0	0	1	9	0
"NLA06608-1103"	0	2	24	47	0
"NLA06608-1107"	0	0	0	25	2
"NLA06608-1108"	0	4	14	92	0
"NLA06608-1111"	0	3	14	53	0
"NLA06608-1113"	2	8	35	107	0
"NLA06608-1114"	3	3	27	90	0
"NLA06608-1115"	20	33	72	227	0
"NLA06608-1119"	1	5	17	113	4
"NLA06608-1120"	0	7	39	98	25
"NLA06608-1122"	5	18	92	283	0
"NLA06608-1124"	0	1	3	17	1
"NLA06608-1125"	2	33	98	391	0
"NLA06608-1129"	0	2	4	39	1
"NLA06608-1130"	1	1	7	74	0
"NLA06608-1131"	0	3	37	71	0
"NLA06608-1134"	1	7	26	45	0
"NLA06608-1141"	0	1	9	77	2
"NLA06608-1143"	0	1	24	146	0
"NLA06608-1145"	23	78	246	839	0
"NLA06608-1147"	4	26	79	233	12
"NLA06608-1148"	0	0	0	9	0
"NLA06608-1150"	0	0	1	16	0
"NLA06608-1151"	1	1	1	25	1
"NLA06608-1153"	0	2	6	13	0
"NLA06608-1155"	0	0	0	28	3
"NLA06608-1162"	0	0	2	13	0
"NLA06608-1163"	0	8	13	106	0
"NLA06608-1164"	0	2	14	57	17
"NLA06608-1166"	17	28	36	89	0
"NLA06608-1167"	0	2	23	62	0
"NLA06608-1170"	0	0	36	152	14
"NLA06608-1172"	1	19	49	239	0
"NLA06608-1174"	0	0	0	8	0
"NLA06608-1175"	0	5	21	156	0
"NLA06608-1177"	1	4	19	89	0
"NLA06608-1179"	3	22	111	267	0
"NLA06608-1181"	4	14	60	182	0
"NLA06608-1183"	0	1	11	120	1
"NLA06608-1185"	11	19	44	87	0
"NLA06608-1189"	14	38	131	488	0
"NLA06608-1190"	0	8	56	195	38
"NLA06608-1191"	5	23	48	110	14
"NLA06608-1195"	0	0	18	103	0
"NLA06608-1198"	0	3	16	66	0
"NLA06608-1199"	0	12	46	155	0
"NLA06608-1204"	0	0	14	42	0
"NLA06608-1206"	0	0	7	19	0
"NLA06608-1207"	5	19	55	198	0
"NLA06608-1208"	0	3	30	74	1
"NLA06608-1209"	4	7	53	657	0
"NLA06608-1210"	0	0	8	59	7
"NLA06608-1217"	0	0	4	34	1
"NLA06608-1219"	0	0	1	27	3
"NLA06608-1220"	1	1	6	41	0
"NLA06608-1222"	0	1	10	48	0
"NLA06608-1223"	0	2	8	68	0
"NLA06608-1224"	0	2	8	56	1
"NLA06608-1227"	1	5	20	119	0
"NLA06608-1232"	0	1	7	64	0
"NLA06608-1236"	0	0	3	16	7
"NLA06608-1238"	5	15	20	32	0
"NLA06608-1239"	0	2	14	80	0
"NLA06608-1240"	0	2	9	54	0
"NLA06608-1241"	0	6	54	121	0
"NLA06608-1242"	7	31	68	225	0
"NLA06608-1243"	0	0	4	95	0
"NLA06608-1244"	0	0	7	22	14
"NLA06608-1245"	3	4	28	130	0
"NLA06608-1255"	0	0	7	28	1
"NLA06608-1256"	0	0	0	54	0
"NLA06608-1258"	0	0	2	51	0
"NLA06608-1259"	0	0	1	95	1
"NLA06608-1261"	0	0	1	14	1
"NLA06608-1262"	0	1	5	54	0
"NLA06608-1263"	0	3	15	114	0
"NLA06608-1266"	0	0	0	1	0
"NLA06608-1268"	0	1	15	85	0
"NLA06608-1269"	42	56	82	223	47
"NLA06608-1270"	0	1	8	31	4
"NLA06608-1271"	1	2	9	43	6
"NLA06608-1273"	41	116	305	847	0
"NLA06608-1274"	0	3	3	6	0
"NLA06608-1278"	0	5	17	45	0
"NLA06608-1279"	1	2	3	47	4
"NLA06608-1281"	4	4	10	83	6
"NLA06608-1283"	10	19	44	153	0
"NLA06608-1284"	0	2	18	61	17
"NLA06608-1288"	1	3	6	24	2
"NLA06608-1292"	13	28	50	143	47
"NLA06608-1295"	1	1	2	16	1
"NLA06608-1297"	2	12	77	132	12
"NLA06608-1300"	0	1	1	13	2
"NLA06608-1303"	1	3	33	176	0
"NLA06608-1312"	1	4	18	136	0
"NLA06608-1316"	0	1	5	35	0
"NLA06608-1319"	0	0	5	36	0
"NLA06608-1321"	1	11	48	87	16
"NLA06608-1323"	2	5	31	89	0
"NLA06608-1326"	5	11	17	51	0
"NLA06608-1329"	1	3	3	8	0
"NLA06608-1332"	0	0	5	27	0
"NLA06608-1333"	0	1	1	51	0
"NLA06608-1334"	0	0	1	26	0
"NLA06608-1336"	1	1	3	29	1
"NLA06608-1338"	0	0	1	13	2
"NLA06608-1339"	10	38	111	268	20
"NLA06608-1342"	0	0	0	20	0
"NLA06608-1344"	0	2	2	13	1
"NLA06608-1346"	0	7	69	167	0
"NLA06608-1347"	0	0	10	42	0
"NLA06608-1348"	5	16	35	169	0
"NLA06608-1349"	8	12	39	80	0
"NLA06608-1354"	0	1	9	31	7
"NLA06608-1355"	0	0	16	75	0
"NLA06608-1356"	1	5	26	101	6
"NLA06608-1358"	0	0	17	66	0
"NLA06608-1359"	0	3	24	110	0
"NLA06608-1360"	0	0	1	18	1
"NLA06608-1364"	1	8	19	95	0
"NLA06608-1365"	12	28	44	94	0
"NLA06608-1367"	1	9	21	38	0
"NLA06608-1368"	1	6	22	55	4
"NLA06608-1369"	9	20	26	104	0
"NLA06608-1370"	0	2	3	21	0
"NLA06608-1372"	3	4	6	12	4
"NLA06608-1375"	1	3	3	37	0
"NLA06608-1376"	0	6	34	120	0
"NLA06608-1377"	1	9	14	41	14
"NLA06608-1380"	1	1	3	18	1
"NLA06608-1383"	0	2	15	66	0
"NLA06608-1387"	0	3	35	90	0
"NLA06608-1389"	7	22	80	158	0
"NLA06608-1390"	4	4	9	43	0
"NLA06608-1391"	0	4	8	32	0
"NLA06608-1396"	0	3	11	46	0
"NLA06608-1397"	0	1	14	90	4
"NLA06608-1398"	0	0	1	28	0
"NLA06608-1401"	1	3	74	434	0
"NLA06608-1403"	8	27	82	269	29
"NLA06608-1413"	0	2	22	96	0
"NLA06608-1414"	2	12	111	302	0
"NLA06608-1417"	0	3	40	233	1
"NLA06608-1420"	1	3	12	45	17
"NLA06608-1421"	3	21	201	748	0
"NLA06608-1425"	0	2	11	101	12
"NLA06608-1426"	1	2	7	59	3
"NLA06608-1432"	0	0	3	46	3
"NLA06608-1434"	0	0	7	31	0
"NLA06608-1435"	3	26	115	264	0
"NLA06608-1436"	0	0	0	8	0
"NLA06608-1439"	0	0	5	103	1
"NLA06608-1445"	0	1	1	2	1
"NLA06608-1446"	0	0	17	98	4
"NLA06608-1447"	6	35	117	213	0
"NLA06608-1450"	0	2	2	18	0
"NLA06608-1454"	0	0	6	50	0
"NLA06608-1455"	10	19	77	381	26
"NLA06608-1460"	0	1	24	53	3
"NLA06608-1461"	4	9	33	136	3
"NLA06608-1462"	0	3	11	41	10
"NLA06608-1465"	3	14	67	821	0
"NLA06608-1469"	0	2	33	54	0
"NLA06608-1473"	0	6	14	83	8
"NLA06608-1476"	20	67	104	310	41
"NLA06608-1481"	0	3	17	43	1
"NLA06608-1482"	0	4	17	93	0
"NLA06608-1483"	12	43	115	384	93
"NLA06608-1484"	0	0	6	67	0
"NLA06608-1487"	0	3	17	37	0
"NLA06608-1488"	0	0	4	15	2
"NLA06608-1489"	0	14	30	106	3
"NLA06608-1492"	1	4	19	190	0
"NLA06608-1496"	0	0	6	50	12
"NLA06608-1499"	0	0	4	83	0
"NLA06608-1504"	0	0	11	87	0
"NLA06608-1508"	0	0	0	8	0
"NLA06608-1510"	0	1	8	19	4
"NLA06608-1511"	0	0	9	28	21
"NLA06608-1515"	6	24	46	79	0
"NLA06608-1517"	18	27	139	272	0
"NLA06608-1521"	5	10	21	60	15
"NLA06608-1524"	0	1	5	17	0
"NLA06608-1527"	0	1	10	64	0
"NLA06608-1529"	1	2	3	15	12
"NLA06608-1532"	19	26	33	95	0
"NLA06608-1537"	0	1	11	88	2
"NLA06608-1538"	1	7	21	180	0
"NLA06608-1544"	0	1	12	56	0
"NLA06608-1556"	5	31	89	240	0
"NLA06608-1558"	0	0	9	14	0
"NLA06608-1560"	1	3	8	25	4
"NLA06608-1561"	0	1	15	113	0
"NLA06608-1562"	0	8	34	97	11
"NLA06608-1564"	0	0	3	12	1
"NLA06608-1568"	0	0	2	5	0
"NLA06608-1569"	0	0	6	113	0
"NLA06608-1572"	0	2	6	66	0
"NLA06608-1575"	0	0	0	39	0
"NLA06608-1576"	0	3	11	192	4
"NLA06608-1577"	1	1	20	26	1
"NLA06608-1578"	0	0	5	36	1
"NLA06608-1579"	0	2	37	67	0
"NLA06608-1586"	1	10	76	212	0
"NLA06608-1593"	7	7	10	30	10
"NLA06608-1595"	8	39	122	288	20
"NLA06608-1596"	0	0	3	18	14
"NLA06608-1600"	0	0	9	22	11
"NLA06608-1602"	0	0	9	53	18
"NLA06608-1608"	0	0	3	16	3
"NLA06608-1610"	0	2	4	37	1
"NLA06608-1617"	5	5	34	84	12
"NLA06608-1623"	0	0	0	36	0
"NLA06608-1626"	0	1	4	34	0
"NLA06608-1630"	0	0	0	12	0
"NLA06608-1631"	0	2	30	142	10
"NLA06608-1633"	0	2	5	21	0
"NLA06608-1637"	8	25	67	431	0
"NLA06608-1638"	0	1	12	96	16
"NLA06608-1640"	0	1	10	138	3
"NLA06608-1641"	0	0	3	16	0
"NLA06608-1643"	0	1	24	85	0
"NLA06608-1652"	0	1	13	36	0
"NLA06608-1654"	0	0	10	38	0
"NLA06608-1655"	0	0	0	12	1
"NLA06608-1668"	0	11	31	112	0
"NLA06608-1672"	0	1	21	74	7
"NLA06608-1674"	2	3	11	52	7
"NLA06608-1675"	1	11	44	236	5
"NLA06608-1679"	0	1	17	59	0
"NLA06608-1684"	2	11	70	220	0
"NLA06608-1687"	2	4	8	29	10
"NLA06608-1690"	5	11	33	39	0
"NLA06608-1695"	0	6	14	88	10
"NLA06608-1703"	0	2	6	14	5
"NLA06608-1704"	0	4	11	90	5
"NLA06608-1706"	0	0	0	30	0
"NLA06608-1707"	0	7	38	66	0
"NLA06608-1711"	0	2	46	246	0
"NLA06608-1715"	0	0	2	10	1
"NLA06608-1717"	0	3	19	154	26
"NLA06608-1719"	0	0	0	14	0
"NLA06608-1723"	1	2	2	97	2
"NLA06608-1724"	2	7	22	118	0
"NLA06608-1733"	0	4	32	105	0
"NLA06608-1735"	1	5	22	141	3
"NLA06608-1736"	0	1	4	11	0
"NLA06608-1739"	0	4	157	376	20
"NLA06608-1740"	0	0	7	78	1
"NLA06608-1741"	1	19	98	468	0
"NLA06608-1742"	0	17	25	66	0
"NLA06608-1748"	12	16	117	364	17
"NLA06608-1753"	1	2	9	14	2
"NLA06608-1755"	0	0	1	71	0
"NLA06608-1758"	0	0	1	38	0
"NLA06608-1771"	8	34	46	77	0
"NLA06608-1775"	1	1	10	97	0
"NLA06608-1781"	2	4	27	60	4
"NLA06608-1782"	1	3	12	51	0
"NLA06608-1789"	1	6	31	116	0
"NLA06608-1791"	3	9	17	73	0
"NLA06608-1793"	2	10	43	104	6
"NLA06608-1800"	1	3	6	24	2
"NLA06608-1802"	4	7	16	29	0
"NLA06608-1804"	2	8	18	37	1
"NLA06608-1808"	0	7	17	64	10
"NLA06608-1810"	1	6	23	115	28
"NLA06608-1811"	0	0	0	13	2
"NLA06608-1812"	1	5	16	47	0
"NLA06608-1818"	0	1	18	57	6
"NLA06608-1821"	3	25	138	501	0
"NLA06608-1824"	0	0	0	3	0
"NLA06608-1825"	0	1	26	128	0
"NLA06608-1835"	2	10	36	59	0
"NLA06608-1836"	0	1	2	11	2
"NLA06608-1839"	1	16	27	87	0
"NLA06608-1840"	2	3	17	83	0
"NLA06608-1851"	12	29	146	314	20
"NLA06608-1856"	1	1	4	8	0
"NLA06608-1857"	1	4	6	14	4
"NLA06608-1861"	0	1	5	50	0
"NLA06608-1862"	0	0	2	3	0
"NLA06608-1863"	0	1	21	135	0
"NLA06608-1866"	0	0	5	26	9
"NLA06608-1867"	0	0	10	70	0
"NLA06608-1868"	0	1	13	52	2
"NLA06608-1871"	0	0	11	100	0
"NLA06608-1873"	1	3	20	61	3
"NLA06608-1874"	1	17	69	141	14
"NLA06608-1879"	0	3	11	34	0
"NLA06608-1884"	1	13	25	90	0
"NLA06608-1893"	0	0	0	2	0
"NLA06608-1894"	0	0	7	48	1
"NLA06608-1906"	7	20	87	205	0
"NLA06608-1908"	11	26	50	177	0
"NLA06608-1910"	0	0	3	66	0
"NLA06608-1930"	1	2	5	45	0
"NLA06608-1936"	19	23	32	79	0
"NLA06608-1948"	0	0	5	22	14
"NLA06608-1953"	0	0	5	29	2
"NLA06608-1958"	2	6	38	167	4
"NLA06608-1959"	0	5	19	30	21
"NLA06608-1960"	0	0	2	15	1
"NLA06608-1968"	0	3	9	22	4
"NLA06608-1975"	0	2	5	41	6
"NLA06608-1985"	3	9	19	104	6
"NLA06608-1989"	0	0	29	43	1
"NLA06608-1992"	0	0	9	53	2
"NLA06608-1998"	1	17	38	59	0
"NLA06608-2005"	0	0	1	4	0
"NLA06608-2007"	2	2	5	56	0
"NLA06608-2010"	0	0	3	50	0
"NLA06608-2027"	0	0	1	11	1
"NLA06608-2036"	0	5	22	68	0
"NLA06608-2037"	17	34	46	86	35
"NLA06608-2039"	1	1	3	52	6
"NLA06608-2049"	0	0	4	42	6
"NLA06608-2056"	2	2	12	47	0
"NLA06608-2072"	0	0	6	37	1
"NLA06608-2074"	0	5	23	51	0
"NLA06608-2076"	0	1	4	42	1
"NLA06608-2078"	0	2	20	72	0
"NLA06608-2082"	0	0	0	68	0
"NLA06608-2086"	0	0	7	62	0
"NLA06608-2087"	0	2	4	58	0
"NLA06608-2091"	2	14	22	40	0
"NLA06608-2092"	0	1	21	101	0
"NLA06608-2094"	0	0	5	36	1
"NLA06608-2095"	2	7	19	99	8
"NLA06608-2103"	0	0	2	22	2
"NLA06608-2114"	0	13	50	145	0
"NLA06608-2117"	2	8	33	93	0
"NLA06608-2120"	0	0	8	23	2
"NLA06608-2123"	0	1	8	37	0
"NLA06608-2131"	0	0	0	21	2
"NLA06608-2134"	3	11	101	235	6
"NLA06608-2135"	6	9	18	37	0
"NLA06608-2152"	1	2	27	61	2
"NLA06608-2154"	0	1	2	39	0
"NLA06608-2155"	0	4	35	66	0
"NLA06608-2162"	1	2	51	194	0
"NLA06608-2170"	0	0	2	25	1
"NLA06608-2177"	0	0	2	12	0
"NLA06608-2185"	5	15	77	280	4
"NLA06608-2187"	5	33	67	150	0
"NLA06608-2193"	1	5	7	25	1
"NLA06608-2196"	2	9	52	291	0
"NLA06608-2217"	1	1	2	40	1
"NLA06608-2219"	0	0	13	84	0
"NLA06608-2241"	0	0	12	37	2
"NLA06608-2250"	2	5	12	48	18
"NLA06608-2253"	1	17	93	446	0
"NLA06608-2257"	2	5	27	84	12
"NLA06608-2266"	0	14	28	75	1
"NLA06608-2267"	0	0	7	87	0
"NLA06608-2283"	0	0	1	57	0
"NLA06608-2305"	0	2	10	86	2
"NLA06608-2322"	0	1	6	156	6
"NLA06608-2332"	0	3	10	44	1
"NLA06608-2333"	15	34	75	239	0
"NLA06608-2345"	1	15	63	89	16
"NLA06608-2354"	2	10	63	180	0
"NLA06608-2372"	0	0	0	24	0
"NLA06608-2379"	1	1	2	63	1
"NLA06608-2418"	0	4	51	172	0
"NLA06608-2426"	0	1	2	7	0
"NLA06608-2429"	0	0	21	173	0
"NLA06608-2438"	0	0	0	3	0
"NLA06608-2450"	1	3	9	79	3
"NLA06608-2453"	0	0	0	3	0
"NLA06608-2457"	0	5	7	18	3
"NLA06608-2463"	0	0	23	101	0
"NLA06608-2477"	0	0	0	3	1
"NLA06608-2481"	0	0	1	1	0
"NLA06608-2492"	0	0	0	22	0
"NLA06608-2497"	0	1	17	66	2
"NLA06608-2507"	2	10	27	158	0
"NLA06608-2513"	1	20	38	104	12
"NLA06608-2523"	0	0	4	84	0
"NLA06608-2524"	5	6	15	52	0
"NLA06608-2565"	3	7	38	73	0
"NLA06608-2566"	4	8	42	199	0
"NLA06608-2593"	0	6	28	140	0
"NLA06608-2629"	0	11	28	64	0
"NLA06608-2634"	0	0	5	25	9
"NLA06608-2640"	0	2	4	25	1
"NLA06608-2644"	0	3	20	176	0
"NLA06608-2655"	0	2	30	172	10
"NLA06608-2657"	0	6	33	136	0
"NLA06608-2663"	0	4	26	62	0
"NLA06608-2673"	0	0	0	0	0
"NLA06608-2685"	0	0	0	0	0
"NLA06608-2696"	0	0	0	0	0
"NLA06608-2704"	0	0	0	0	0
"NLA06608-2708"	0	0	0	0	0
"NLA06608-2714"	0	0	0	0	0
"NLA06608-2715"	0	0	0	0	0
"NLA06608-2726"	0	0	0	0	0
"NLA06608-2740"	0	0	0	0	0
"NLA06608-2753"	0	0	0	0	0
"NLA06608-2759"	0	0	0	0	0
"NLA06608-2776"	0	0	0	0	0
"NLA06608-2779"	0	0	0	0	0
"NLA06608-2797"	0	0	0	0	0
"NLA06608-2800"	0	0	0	0	0
"NLA06608-2801"	0	0	0	0	0
"NLA06608-2807"	0	0	0	0	0
"NLA06608-2823"	0	0	0	0	0
"NLA06608-2824"	0	0	0	0	0
"NLA06608-2831"	0	0	0	0	0
"NLA06608-2833"	0	0	0	0	0
"NLA06608-2874"	0	0	0	0	0
"NLA06608-2881"	0	0	0	0	0
"NLA06608-2889"	0	0	0	0	0
"NLA06608-2891"	0	0	0	0	0
"NLA06608-2916"	0	0	0	0	0
"NLA06608-2924"	0	0	0	0	0
"NLA06608-2954"	0	0	0	0	0
"NLA06608-2955"	0	0	0	0	0
"NLA06608-2972"	0	0	0	0	0
"NLA06608-2987"	0	0	0	0	0
"NLA06608-2996"	0	0	0	0	0
"NLA06608-3032"	0	0	0	0	0
"NLA06608-3035"	0	0	0	0	0
"NLA06608-3083"	0	0	0	0	0
"NLA06608-3096"	0	0	0	0	0
"NLA06608-3121"	0	0	0	0	0
"NLA06608-3147"	0	0	0	0	0
"NLA06608-3153"	0	0	0	0	0
"NLA06608-3157"	0	0	0	0	0
"NLA06608-3160"	0	0	0	0	0
"NLA06608-3169"	0	0	0	0	0
"NLA06608-3228"	0	0	0	0	0
"NLA06608-3265"	0	0	0	0	0
"NLA06608-3303"	0	0	0	0	0
"NLA06608-3313"	0	0	0	0	0
"NLA06608-3320"	0	0	0	0	0
"NLA06608-3329"	0	0	0	0	0
"NLA06608-3480"	0	0	0	0	0
"NLA06608-3484"	0	0	0	0	0
"NLA06608-3608"	0	0	0	0	0
"NLA06608-3616"	0	0	0	0	0
"NLA06608-3644"	0	0	0	0	0
"NLA06608-3656"	0	0	0	0	0
"NLA06608-3660"	0	0	0	0	0
"NLA06608-3698"	0	0	0	0	0
"NLA06608-3846"	0	0	0	0	0
"NLA06608-3890"	0	0	0	0	0
"NLA06608-3911"	0	0	0	0	0
"NLA06608-4056"	0	0	0	0	0
"NLA06608-4064"	0	0	0	0	0
"NLA06608-4206"	0	0	0	0	0
"NLA06608-4252"	0	0	0	0	0
"NLA06608-4320"	0	0	0	0	0
"NLA06608-4382"	0	0	0	0	0
"NLA06608-4413"	0	0	0	0	0
"NLA06608-4414"	0	0	0	0	0
"NLA06608-4440"	0	0	0	0	0
"NLA06608-4472"	0	0	0	0	0
"NLA06608-4504"	0	0	0	0	0
"NLA06608-4610"	0	0	0	0	0
"NLA06608-4643"	0	0	0	0	0
"NLA06608-4650"	0	0	0	0	0
"NLA06608-4659"	0	0	0	0	0
"NLA06608-4686"	0	0	0	0	0
"NLA06608-4698"	0	0	0	0	0
"NLA06608-4828"	0	0	0	0	0
"NLA06608-4929"	0	0	0	0	0
"NLA06608-4949"	0	0	0	0	0
"NLA06608-9999"	0	0	0	0	0
"NLA06608-ACAD_LAKES_0435"	0	0	0	0	0
"NLA06608-ALPS-1218"	0	0	0	0	0
"NLA06608-ALSC:020149"	0	0	0	0	0
"NLA06608-ELS:1C2-032"	0	0	0	0	0
"NLA06608-ELS:1C3-003"	0	0	0	0	0
"NLA06608-ELS:1D1-035"	0	0	0	0	0
"NLA06608-ELS:1D2-087"	0	0	0	0	0
"NLA06608-ELS:1E1-052"	0	0	0	0	0
"NLA06608-ELS:1E1-096"	0	0	0	0	0
"NLA06608-ELS:1E1-128"	0	0	0	0	0
"NLA06608-ELS:1E2-027"	0	0	0	0	0
"NLA06608-ELS:1E3-002"	0	0	0	0	0
"NLA06608-ELS:1E3-012"	0	0	0	0	0
"NLA06608-ELS:1E3-071"	0	0	0	0	0
"NLA06608-ELS:2B2-008"	0	0	0	0	0
"NLA06608-ELS:2C2-048"	0	0	0	0	0
"NLA06608-ELS:2C3-018"	0	0	0	0	0
"NLA06608-ELS:2D3-008"	0	0	0	0	0
"NLA06608-EMAP:ME011L"	0	0	0	0	0
"NLA06608-EMAP:ME012L"	0	0	0	0	0
"NLA06608-EMAP:ME254L"	0	0	0	0	0
"NLA06608-EMAP:ME263L"	0	0	0	0	0
"NLA06608-EMAP:ME518L"	0	0	0	0	0
"NLA06608-FL:107895579"	0	0	0	0	0
"NLA06608-FL:16674741"	0	0	0	0	0
"NLA06608-FL:18261987"	0	0	0	0	0
"NLA06608-FL:99324403"	0	0	0	0	0
"NLA06608-FL:99344895"	0	0	0	0	0
"NLA06608-IN:646"	0	0	0	0	0
"NLA06608-MI:7007"	0	0	0	0	0
"NLA06608-MN:03-0029"	0	0	0	0	0
"NLA06608-MN:06-0002"	0	0	0	0	0
"NLA06608-MN:11-0102"	0	0	0	0	0
"NLA06608-MN:15-0010"	0	0	0	0	0
"NLA06608-MN:22-0074"	0	0	0	0	0
"NLA06608-MN:49-0140"	0	0	0	0	0
"NLA06608-MN:51-0063"	0	0	0	0	0
"NLA06608-MN:56-0306"	0	0	0	0	0
"NLA06608-MN:61-0037"	0	0	0	0	0
"NLA06608-MN:74-0023"	0	0	0	0	0
"NLA06608-MN:75-0200"	0	0	0	0	0
"NLA06608-MN:77-0019"	0	0	0	0	0
"NLA06608-MN:87-0030"	0	0	0	0	0
"NLA06608-NELP-0253"	0	0	0	0	0
"NLA06608-NELP-0955"	0	0	0	0	0
"NLA06608-NELP-1041"	0	0	0	0	0
"NLA06608-NELP-1330"	0	0	0	0	0
"NLA06608-NELP-2155"	0	0	0	0	0
"NLA06608-NELP-3355"	0	0	0	0	0
"NLA06608-NELP-3586"	0	0	0	0	0
"NLA06608-NH250L"	0	0	0	0	0
"NLA06608-NH4912"	0	0	0	0	0
"NLA06608-NV:2"	0	0	0	0	0
"NLA06608-NV:3"	0	0	0	0	0
"NLA06608-NV:4"	0	0	0	0	0
"NLA06608-OH:19"	0	0	0	0	0
"NLA06608-OH:22"	0	0	0	0	0
"NLA06608-R10BULLTR"	0	0	0	0	0
"NLA06608-R10CAPEHO"	0	0	0	0	0
"NLA06608-R10CHARLT"	0	0	0	0	0
"NLA06608-R10COUNCI"	0	0	0	0	0
"NLA06608-R10DEERLA"	0	0	0	0	0
"NLA06608-R10FISHLA"	0	0	0	0	0
"NLA06608-R10FOURMI"	0	0	0	0	0
"NLA06608-R10RAINYL"	0	0	0	0	0
"NLA06608-R10SQUAWL"	0	0	0	0	0
"NLA06608-R10ULAKE"	0	0	0	0	0
"NLA06608-R10YELLOW"	0	0	0	0	0
"NLA06608-R31"	0	0	0	0	0
"NLA06608-R314"	0	0	0	0	0
"NLA06608-R315"	0	0	0	0	0
"NLA06608-R318"	0	0	0	0	0
"NLA06608-R319"	0	0	0	0	0
"NLA06608-R32"	0	0	0	0	0
"NLA06608-R322"	0	0	0	0	0
"NLA06608-R323"	0	0	0	0	0
"NLA06608-R324"	0	0	0	0	0
"NLA06608-R326"	0	0	0	0	0
"NLA06608-R328"	0	0	0	0	0
"NLA06608-R333"	0	0	0	0	0
"NLA06608-R334"	0	0	0	0	0
"NLA06608-R336"	0	0	0	0	0
"NLA06608-R34"	0	0	0	0	0
"NLA06608-R5:KATHRYN"	0	0	0	0	0
"NLA06608-R5:OTTAWA"	0	0	0	0	0
"NLA06608-R7101"	0	0	0	0	0
"NLA06608-R7103"	0	0	0	0	0
"NLA06608-R7104"	0	0	0	0	0
"NLA06608-R7106"	0	0	0	0	0
"NLA06608-R715"	0	0	0	0	0
"NLA06608-R716"	0	0	0	0	0
"NLA06608-R723"	0	0	0	0	0
"NLA06608-R728"	0	0	0	0	0
"NLA06608-R730"	0	0	0	0	0
"NLA06608-R733"	0	0	0	0	0
"NLA06608-R736"	0	0	0	0	0
"NLA06608-R746"	0	0	0	0	0
"NLA06608-R750"	0	0	0	0	0
"NLA06608-R759"	0	0	0	0	0
"NLA06608-R764"	0	0	0	0	0
"NLA06608-R767"	0	0	0	0	0
"NLA06608-R769"	0	0	0	0	0
"NLA06608-R770"	0	0	0	0	0
"NLA06608-R772"	0	0	0	0	0
"NLA06608-R775"	0	0	0	0	0
"NLA06608-R784"	0	0	0	0	0
"NLA06608-R788"	0	0	0	0	0
"NLA06608-R791"	0	0	0	0	0
"NLA06608-R792"	0	0	0	0	0
"NLA06608-R796"	0	0	0	0	0
"NLA06608-TX:10"	0	0	0	0	0
"NLA06608-TX:14"	0	0	0	0	0
"NLA06608-TX:15"	0	0	0	0	0
"NLA06608-TX:19"	0	0	0	0	0
"NLA06608-TX:22"	0	0	0	0	0
"NLA06608-TX:27"	0	0	0	0	0
"NLA06608-TX:29"	0	0	0	0	0
"NLA06608-TX:30"	0	0	0	0	0
"NLA06608-TX:5"	0	0	0	0	0
"NLA06608-WI:LOWES"	0	0	0	0	0
"NLA06608-WI:SY"	0	0	0	0	0
